
Detection Rate (%)
-----------------------------------------------------------------------------------------------------------------------------------------
Train        BigVul/LV BigVul/RV BigVul/IVBigVul/GCB Devign/LV Devign/RV Devign/IVDevign/GCBPrimeVul/LVPrimeVul/RVPrimeVul/IVPrimeVul/GCB
-----------------------------------------------------------------------------------------------------------------------------------------
bigvul            95.5      11.1      50.0      90.0      86.7      11.8      18.5      84.3      87.5       0.0      75.0      71.2
devign            92.1       2.2      30.4      88.7      86.1      16.7      20.0      78.3      89.3       0.0      75.0      72.7
primevul          93.0       4.3      30.4      90.6      87.3      23.5      22.2      87.0      95.5       0.0     100.0      69.2
combined          93.0       2.2      30.4      88.7      87.8      14.7      18.5      85.2      88.4       0.0      75.0      72.7
-----------------------------------------------------------------------------------------------------------------------------------------

False Positive Rate (%)
-----------------------------------------------------------------------------------------------------------------------------------------
Train        BigVul/LV BigVul/RV BigVul/IVBigVul/GCB Devign/LV Devign/RV Devign/IVDevign/GCBPrimeVul/LVPrimeVul/RVPrimeVul/IVPrimeVul/GCB
-----------------------------------------------------------------------------------------------------------------------------------------
bigvul             0.0       0.0       0.0       0.0       1.1       2.9       3.7       1.3       0.0       0.0       0.0       0.0
devign             3.9       3.3       2.2       3.8       1.3       1.3       1.3       1.3       2.2       0.0       0.0       2.3
primevul           4.8       5.4       2.2       4.7       3.0       4.4       5.6       3.5       4.1       4.1       4.1       4.1
combined           1.3       1.1       2.2       0.9       1.4       0.0       0.0       0.9       0.4       0.0       0.0       0.8
-----------------------------------------------------------------------------------------------------------------------------------------

F1 Score (%)
-----------------------------------------------------------------------------------------------------------------------------------------
Train        BigVul/LV BigVul/RV BigVul/IVBigVul/GCB Devign/LV Devign/RV Devign/IVDevign/GCBPrimeVul/LVPrimeVul/RVPrimeVul/IVPrimeVul/GCB
-----------------------------------------------------------------------------------------------------------------------------------------
bigvul            97.7      20.0      66.7      94.7      91.8      20.0      29.4      90.2      93.3       0.0      85.7      83.2
devign            92.1       4.0      45.2      90.4      91.2      25.0      28.6      85.7      92.2       0.0      85.7      82.1
primevul          91.8       7.5      45.2      90.6      90.3      35.6      33.3      89.7      91.3       0.0      40.0      72.0
combined          95.1       4.2      45.2      93.1      92.2      25.6      31.2      91.2      93.4       0.0      85.7      83.5
-----------------------------------------------------------------------------------------------------------------------------------------

Residual ASR (%)
-----------------------------------------------------------------------------------------------------------------------------------------
Train        BigVul/LV BigVul/RV BigVul/IVBigVul/GCB Devign/LV Devign/RV Devign/IVDevign/GCBPrimeVul/LVPrimeVul/RVPrimeVul/IVPrimeVul/GCB
-----------------------------------------------------------------------------------------------------------------------------------------
bigvul             1.1       9.9       3.0       1.1       9.3      28.1      13.9       5.8       4.3       1.1       0.3       5.7
devign             1.8      10.9       4.2       1.2       9.7      26.5      13.7       8.0       3.7       1.1       0.3       5.4
primevul           1.6      10.6       4.2       1.0       8.9      24.3      13.3       4.8       1.6       1.1       0.0       6.1
combined           1.6      10.9       4.2       1.2       8.5      27.1      13.9       5.5       4.0       1.1       0.3       5.4
-----------------------------------------------------------------------------------------------------------------------------------------
